9611   5678   4251   3619   1150   2477   1072   9070   3176   2095   
3716   5715   3894   4473   5652   2268   7781   1324   8898   3568   
9019   4168   5069   1155   4997   1907   2077   1826   5735   2791   
3932   7561   7206   1491   3776   8836   1585   896    3428   426    
3955   322    2421   2265   3951   534    2338   1831   1502   8939   
9266   8779   2611   4340   9929   2018   1639   3519   7091   3120   
5879   3737   2589   3195   5354   7300   5540   2113   7774   9080   
549    9095   7379   6023   4137   8471   3363   3382   3712   5309   
1920   7137   2543   1016   661    7292   4901   8896   9919   6107   
5237   1721   3848   6834   1070   1979   9751   8074   361    2453   
4371   2050   6253   4878   970    9190   9839   6029   2054   7764   
5430   4925   5671   2896   4986   2170   9816   5281   899    9502   
2519   9058   2773   9202   2820   7681   8511   1438   2545   3803   
234    8698   5401   9101   2615   235    1268   8704   8205   3621   
9517   3296   3468   7274   2572   5248   757    1707   1268   5938   
3729   5214   3297   848    4272   944    1866   6644   8433   2859   
1028   9494   4861   940    984    9365   2438   8329   7392   1733   
2964   2730   5211   1094   1660   2208   5332   5478   2031   2407   
7638   8695   421    469    6432   7134   5075   5242   9630   9561   
5182   1393   8845   5676   7778   1581   3069   2772   9647   2710   
7872   4233   7710   2830   7158   7849   5572   9273   2398   9891   
1148   4329   1107   4784   8025   7237   8483   3766   8032   5004   
4718   7238   7900   5151   6086   860    4603   4370   1112   5332   
2552   9489   4228   6874   1580   9163   6413   9085   7414   2275   
4403   3277   2430   4108   6797   813    9487   4008   2256   3775   
1337   2580   532    2786   6247   9269   8695   9387   4593   5762   
9464   577    6929   2910   7196   3086   7052   1384   6664   1932   
1128   1454   9032   2180   4036   1791   6124   8156   1038   2740   
9579   3151   5919   667    4011   315    4574   6518   8361   503    
7773   2559   2537   1790   6908   2942   3252   3679   2248   2164