9745   577    5885   7175   7964   9534   676    322    1924   2267   
7553   7520   3985   4646   7928   2135   6173   3095   5455   7907   
8402   6394   7986   3743   3994   6466   892    2167   2429   9478   
8865   2397   1521   7398   9813   269    532    4769   4461   185    
2720   3369   8342   8101   9940   3169   1278   2603   7085   6906   
3216   2157   6161   7222   5280   5895   7760   506    1530   8744   
7240   7337   4937   756    4267   2447   965    110    1130   495    
696    7465   8114   193    4265   7065   4565   2195   3763   2440   
5011   2237   3988   9394   6167   6409   5159   9660   8281   5632   
2105   5750   6165   6430   4859   7822   9460   390    3649   3725   
8003   2620   6483   2618   6427   6970   9626   7883   721    1745   
643    777    3213   4237   8002   9771   6841   3215   8841   2841   
5310   1075   738    1589   1984   9676   1935   724    1735   8369   
7692   7164   3715   3048   1025   6727   5776   1410   5657   4091   
1006   802    9292   5310   8009   5210   1512   851    818    8828   
149    6329   5427   8054   3028   9109   1592   6696   7198   283    
2963   3141   1907   3375   7006   3255   5533   8426   1306   3207   
3935   1211   9071   8624   1639   7315   2841   6673   1826   4442   
7012   8172   441    9975   5305   5137   4372   9060   7754   5172   
618    8541   4600   4153   6162   9549   425    611    5678   7982   
7955   7800   2064   4725   1569   3023   5296   9701   8393   5691   
8504   353    1309   8001   3779   885    2317   9106   4577   9500   
4485   191    405    8763   2573   6591   2775   1587   3404   8186   
3210   2910   4822   745    5829   5466   1940   7916   9269   9564   
8095   2411   3359   2537   249    4833   8994   662    9858   224    
5508   3128   5144   4899   539    8813   8831   8731   2757   4859   
2248   5950   875    1656   702    6518   206    1772   4265   452    
1907   8088   9647   6200   9156   2753   9407   7823   3653   4588   
9255   741    4248   3823   567    6178   5897   6967   6320   1325   
4795   7213   346    9374   7597   719    5090   9306   4286   2553   
9102   3178   9091   1352   7074   2870   8049   7101   6410   9057   
3659   6612   4695   9352   2999   2561   7870   9674   896    3237   
3912   1078   3503   234    724    3188   3596   689    3899   2512   
3385   1358   7455   8610   2771   2491   1934   415    7110   6323   
591    9482   3756   4770   7195   1201   2956   2301   1844   7735   
1360   1013   8111   1146   5451   2817   6759   8329   7329   6952   
6610   1721   901    3015   3638   8222   3041   9632   1906   3082   
8633   1731   6103   9713   386    1189   1831   3317   9724   5969   
296    1572   8077   9188   8678   127    8654   9301   6137   5092   
9961   2344   3599   2737   2290   6188   9148   9897   1990   5188   
1700   4529   3294   5917   3267   135    8430   2789   6442   2441   
1969   1835   4642   8095   4441   7271   2203   3477   3283   1023   
5991   9979   587    427    1267   679    4455   4787   2355   3740   
3314   5366   493    7631   3626   9276   6222   9696   4869   9974   
3025   5134   8504   8545   2973   1214   5251   5497   5778   1589   
4433   303    6961   8751   412    9658   2943   2241   3289   9423   
7706   6163   6277   1463   2881   1612   4414   6644   2816   7607   
4924   5780   3980   6668   5267   9582   4232   3303   369    2158   
3012   5385   2612   4198   3904   2869   8773   2981   9591   1878   
9705   9219   1200   9672   1947   8669   1190   4714   8630   3430   
7176   1644   2651   2560   1192   8465   5381   2771   266    6704   
4935   9537   7918   4594   7123   3602   4284   7131   4544   9994   
1658   1850   135    3868   7975   9509   2894   527    8252   4791   
1498   6422   1005   9155   7480   8266   7048   2068   4218   9476   
3071   2721   3019   5110   4797   1226   1979   4457   2943   8663   
7202   2625   6731   8206   5632   7408   4015   3646   526    7242   
9542   5749   6130   7043   9022   713    133    4529   1158   493    
9109   9770   2120   5896   198    3205   7647   1084   9787   6539   
8742   7221   5863   6391   5951   2741   2966   8615   1480   8820   
8457   7468   4911   909    8089   7294   9852   9031   282    1350   
9566   750    9637   7969   199    3099   3749   6214   1462   4806   
5704   1102   9675   2233   7375   1395   4023   6165   664    3771   
3683   5604   1696   4461   7166   5771   4894   3712   2269   3314   
5724   2210   1969   4584   9700   9060   6571   3732   3558   811    
933    9989   2774   9772   8458   5758   4260   2239   8711   5739   
8602   3502   2967   9363   7164   1793   6241   9221   5313   343    
1422   5002   3701   5486   2037   7635   9121   2668   1140   6964   
4175   8170   940    6709   2427   2984   3677   2179   7475   7811   
2547   7838   2877   6140   3339   6136   3979   994    8801   9361   
7205   9447   6777   1732   9087   4447   9155   4149   2941   8797   
696    1028   5019   4050   128    4156   5079   4412   1101   9024   
3044   1285   116    5186   541    4557   898    6855   2663   8391   
5471   6670   6712   7415   7536   7446   5693   5648   1247   8196   
7354   3089   1868   7296   1786   1066   3972   7774   9432   9406   
3777   3176   9101   335    6802   9627   898    9032   2701   9155   
2477   924    9737   4717   2031   1717   9988   5346   2601   636    
5026   9587   7840   1463   8465   2728   4134   596    1201   5581   
214    1019   4496   791    8943   9985   8887   2614   2242   4585   
6247   9630   8151   9835   6082   9448   9444   3561   258    4231   
3762   5554   1469   1222   1835   3773   1070   491    4327   4338   
7882   1651   2397   9417   3225   7086   4306   452    8674   7585   
445    478    8676   8317   6318   1147   1847   3257   4622   9499   
5125   6442   1862   326    8079   1245   1090   8184   3987   6584   
101    2046   3537   3141   1045   6736   6412   7144   8528   5447   
5399   8395   7105   6646   4410   440    1343   5083   5073   7460   
1120   9920   1507   9507   4961   3143   2753   8020   6444   4336   
1557   6166   9992   4302   7283   5916   5440   5386   1046   5518   
818    298    8892   1180   9240   7762   1181   697    704    5746   
222    9917   7715   6489   9335   7561   6083   2813   623    5554   
7827   8474   1332   3866   9209   2908   9234   8930   4051   9255   
1102   8788   1690   962    9179   4258   2049   6612   232    583    
2271   2639   2155   3934   8600   8380   6215   7370   6793   5903   
9274   7579   9483   5450   2017   7046   6725   593    6333   4319   
3433   3098   7226   335    592    4619   9242   9330   6362   5949   
6217   3525   894    8551   5929   2640   6760   9406   2871   4761   
1159   204    7990   6631   4745   591    1248   6000   7791   7945   
1647   2631   2294   2752   6742   2107   1639   6407   9698   7413   
982    706    1270   5779   1617   1460   7294   8578   9593   4050   
3534   2068   7115   8003   8114   8236   5032   7436   1488   2947   
5687   9937   5776   7599   4465   4921   4055   2949   8292   5552