9516   1853   577    3812   6840   9773   9115   5558   2894   3583   
8006   4437   4261   3184   4474   884    6591   4247   8377   9481   
5649   4072   5524   4241   7495   8882   6721   5650   950    1448   
5308   7286   9388   9301   3990   4575   7504   7258   1709   786    
8203   793    7765   1753   1555   3466   5785   2205   1670   9768   
4024   4181   1319   3102   5036   9596   7890   4552   7150   1970   
5037   1059   8920   1544   2316   533    295    3460   4671   5141   
6649   6752   155    365    2068   2773   8297   3543   2497   1612   
4598   7585   7305   5670   940    4790   7726   1651   8312   1648   
1128   9071   6505   4223   4175   1722   6202   1700   794    6107   
8005   1717   1415   3969   2026   8552   5574   8955   7793   9124   
4769   2753   6489   6622   3411   6454   8545   1459   8989   8549   
1832   9351   9617   2668   3181   7260   6528   3110   1398   4499   
1106   1790   6713   9266   6149   1968   6382   7051   5942   8463   
4849   1012   6720   8594   3573   6575   1452   1773   7002   2485   
7981   1407   312    7808   4421   6237   6856   4450   5500   316    
6853   591    3323   1616   898    5264   2089   3465   4072   7934   
4853   8221   5976   6766   9299   4679   7105   1677   278    2566   
4454   2239   787    868    226    8248   357    253    5794   4065   
6633   9424   6322   2815   3757   6455   2972   4042   3232   3656