9921   1068   476    5775   7895   5167   1843   3024   8814   7853   
2631   9899   9936   3510   3790   7922   2652   5116   6010   287    
2247   297    9488   2281   6123   3915   4674   4053   4795   6060   
7076   6802   133    172    7064   4188   273    9693   2550   6026   
3670   230    1991   5071   1827   5351   8600   3986   9389   306    
7564   5425   2648   8130   9604   5701   9681   7980   8827   3422   
2386   758    1325   7934   7395   4611   4041   7534   8306   3902   
637    9389   601    8736   4728   7863   1296   6772   4302   8253   
797    2355   1039   1321   3208   3663   3826   2185   7470   6294   
1814   2501   2260   5823   1932   896    7151   3366   5313   7505   
2634   6273   1429   147    5679   5898   3147   1695   741    3644   
2289   3928   9510   1461   2578   306    346    4179   1776   5241   
3702   1245   691    9473   2440   5673   662    1147   122    3178   
2622   1948   4750   124    1402   8377   4520   1099   864    5838   
748    2405   8171   2885   7396   1105   5451   8606   1025   1698   
5880   1403   7359   2377   4116   1424   3007   2132   231    944    
1694   1910   667    987    4727   9047   3509   6777   4243   1683   
7612   8472   183    7101   558    634    7628   3435   2919   1349   
8838   5650   2880   2809   6960   1161   6970   4969   2322   5239   
2290   1407   3023   5286   1073   1099   5303   1669   4211   482    
9898   2344   3419   1569   3741   3354   8618   4613   5279   4080   
4974   9323   5157   6332   2730   4525   8760   3057   1062   9499   
3869   8965   3413   262    9935   6383   9233   1844   6790   7401   
316    1128   6076   2573   1777   5410   7564   7159   1754   2127   
894    398    8636   157    3108   9092   8892   1286   4684   4650   
8604   653    6350   8660   9006   7160   960    3072   827    8228   
8493   9887   1945   2579   1936   5948   141    6827   3013   6184   
2989   9143   3559   673    7851   202    1138   3211   8441   9656   
1325   6612   8424   6054   7457   7179   5730   5489   8900   3443   
1035   4769   8706   980    6597   5203   2211   1042   5861   8700   
3306   5507   1514   8531   485    3607   330    2356   3519   5278   
5532   133    7684   4510   9753   6909   6230   1920   3453   466    
5787   4348   2966   5712   3301   5974   1511   5262   2728   9513   
3410   6392   6978   7810   4306   8761   1096   9631   3579   4962   
2199   493    3962   1583   989    7903   8849   6604   3766   852    
1787   9942   1896   9798   8918   1041   811    2036   911    4820   
2428   2178   126    8250   7785   417    8085   1231   6615   3462   
5395   9449   7921   7493   1742   6001   482    732    5029   7840   
3216   354    8229   5702   2368   8086   8922   9759   1220   7312   
2628   5605   4312   3449   975    8265   1537   4795   9914   9779   
7004   7382   402    3595   711    3625   6425   1279   7304   1438   
8209   6506   9080   543    9410   4227   1783   2203   5969   4451   
6563   4082   7905   8311   3891   2225   1020   449    2130   3480   
7204   7697   3824   1320   662    7261   7681   6509   3043   4680   
4496   5914   1658   868    1981   9747   2911   1865   2555   9132   
9877   9584   4196   5705   8431   7167   5210   8226   5215   996    
8778   186    6905   7550   7178   6541   785    3084   2362   1670   
9743   6497   3439   4946   8952   8310   3495   428    9530   7595   
8802   4206   1462   3209   9461   6408   2369   1495   7183   9335   
8608   8678   2947   6133   283    1768   2935   8088   6688   360    
9845   8776   5412   2822   4249   244    4152   2862   713    2764   
3969   3429   4179   9522   4199   1589   3921   1797   8737   3957   
4295   1290   814    5551   7765   445    1818   8384   7665   9470   
6838   3930   7064   9270   8182   2378   8747   3738   3983   4309   
6356   1166   172    3815   3044   2461   8792   8043   3258   4884   
2818   6375   2634   3016   6569   5754   1265   3229   9597   4786   
4515   4614   4074   1210   2713   5067   7535   9789   7486   6223   
2999   5113   1019   4993   173    2358   2357   1038   2871   1629   
2342   357    6682   6369   9989   9237   9345   3645   783    2490   
5317   7635   7328   8981   7356   2508   704    2523   2492   9541   
2625   8708   8717   117    826    3769   5644   6007   783    714    
7531   7164   4225   9407   6910   8063   3792   5093   4868   5157   
7559   9777   3789   492    2652   8642   9607   4477   168    8667   
2322   8659   8630   7102   2713   919    7219   2066   4929   6997   
5523   1747   7325   2336   1051   8867   5756   1577   8201   3385   
6298   3279   9566   9014   7205   1714   5377   4370   4450   9219   
2291   5971   9805   3225   8198   8234   6159   4763   121    2061   
3459   1006   5681   8485   469    4462   3048   5945   6524   5696   
986    1203   151    6343   9088   7665   1364   6456   8521   1021   
7660   8952   3478   447    8263   5730   9297   6287   7453   1372   
1116   6604   3944   2473   1960   367    8743   6597   5765   5456   
2258   3040   7351   430    6411   5968   566    3965   1410   2708   
7509   1416   6715   1343   1482   5613   4232   986    1798   240    
1822   7125   7204   118    1896   1933   7375   9719   648    1115   
3031   625    3085   1123   1635   204    2384   6054   3362   1296   
669    7124   9372   2559   5117   108    6720   6660   4594   6948   
3911   3061   8060   475    703    4238   9914   195    103    5063   
8558   210    4405   1378   2742   7834   6315   7521   4974   6748   
5419   6775   8142   6324   3037   9316   232    8378   4319   3123   
9742   929    5845   8939   8413   9397   8655   5436   8172   2457   
9528   4742   7795   1720   992    2989   1440   3383   9034   700    
5147   680    506    9096   7242   6395   2709   7776   2384   2667   
1263   8175   3677   5644   3282   6959   5629   1779   3816   755    
9254   5093   1199   1487   4787   2798   2689   7532   3508   420    
6678   5523   6826   300    6607   7523   4593   5554   7557   7918   
6563   4538   9656   532    447    3872   3506   3259   5514   4227   
7436   5353   6992   5799   1776   9559   8315   618    4004   2426   
9851   7488   3965   8485   1668   6767   1094   2699   6463   8518   
2421   942    214    2101   987    5314   4549   7763   2539   5003   
902    3058   5577   5357   4760   2645   3784   7706   1928   3929   
5273   8530   8046   6870   1185   4648   7256   4523   2997   2772   
7204   6004   3546   2647   8017   6354   666    6351   315    1791   
1169   575    5126   3709   9928   7366   6278   8695   7583   8467   
4998   1699   5116   8477   6525   2675   6459   9195   2266   3966   
6057   532    6936   1360   2946   6281   2076   7102   7160   4879   
2833   9702   5657   2958   4876   7864   3824   259    5712   845    
6039   5602   7897   5784   4204   2307   9590   1745   4387   2499   
8037   1134   9841   2405   3064   3732   469    6118   223    1007   
6613   2807   194    8470   1099   2585   3570   6622   9193   5650   
3702   7526   6685   7569   988    9912   1498   7467   2791   692    
7199   1790   167    1988   9134   6998   7008   5200   1435   1226   
1891   6207   896    355    7471   4441   930    813    1555   7134   
3581   7630   8071   1202   9564   7111   1264   4768   7911   3179   
7858   1923   9027   2453   688    4968   9974   2983   9322   7410   
6736   4662   2031   8094   3129   5249   481    5985   3552   6861   
2942   2194   8548   864    351    2801   2745   4127   8975   6281   
9773   2102   427    678    9478   4673   1920   993    4419   919    
5381   7906   2229   3870   9962   1273   9394   9150   1118   8178   
6004   8103   8771   1355   5749   489    5087   2513   9476   7080   
9039   3767   8437   2243   5986   1060   6793   2112   6785   3871   
8746   4489   6232   129    8946   7122   5297   8665   3446   2032   
1923   5054   893    2134   6401   2875   1054   151    731    803    
2136   8016   2399